Table: 																																												Location	xpos	ypos	Cirith Ungol	Osgiliath	Lothlorien	Hollin	Isengard	The Old Forest	Hobbiton	Weathertop	Rivendell	The Grey Havens	Mirkwood	Bywater	Fangorn Forest	Pelennor Fields	Entwash River	Helm's Deep	Emyn Muil	Dunharrow	The Black Gate	River IsenCirith Ungol	12.4906	9.4929	0	6.5276	6.22553	6.74256	7.66448	8.04527	5.49792	9.66805	3.0158	6.10718	7.38136	3.86154	11.1325	10.9665	14.4011	10.8429	10.4852	8.68511	6.02208	14.3636Osgiliath	7.21638	5.64684	6.5276	0	5.67718	13.2617	11.082	5.69643	9.41115	11.3295	7.50595	11.6189	9.34066	8.94936	17.1618	8.40818	7.874	4.36488	16.5872	13.8706	9.39804	13.2319Lothlorien	6.52771	11.2821	6.22553	5.67718	0	11.8155	5.96878	2.08705	4.98535	5.66289	8.95696	8.0021	3.83923	5.69529	13.5708	4.75916	11.7907	8.15915	13.1569	9.59307	4.6018	8.45852Hollin	18.2075	13.0677	6.74256	13.2617	11.8155	0	9.44904	13.8838	8.0392	12.4961	6.84889	5.49883	10.8231	6.35878	6.52644	16.3937	21.1289	17.5853	5.79467	7.11202	8.81657	18.4533Isengard	9.40778	16.5101	7.66448	11.082	5.96878	9.44904	0	7.60691	2.16679	3.11089	10.5599	4.00874	2.4021	4.03414	8.45398	8.75111	17.7593	14.1136	8.24373	4.15683	1.76621	9.27182The Old Forest	4.53208	10.6712	8.04527	5.69643	2.08705	13.8838	7.60691	0	6.94678	6.52209	10.568	10.0312	5.26452	7.77908	15.5438	3.05239	10.4095	6.98174	15.1575	11.4681	6.46865	7.56239Hobbiton	10.3037	14.5372	5.49792	9.41115	4.98535	8.0392	2.16679	6.94678	0	4.64706	8.40217	3.16068	2.78449	1.98175	8.59869	8.80252	16.544	12.8367	8.21453	4.64591	0.780394	10.4174Weathertop	6.32694	16.9414	9.66805	11.3295	5.66289	12.4961	3.11089	6.52209	4.64706	0	12.6801	7.11022	2.31294	6.61716	11.2779	6.59038	16.9204	13.4885	11.1566	7.00638	3.89995	6.18656Rivendell	14.542	7.28228	3.0158	7.50595	8.95696	6.84889	10.5599	10.568	8.40217	12.6801	0	8.35703	10.3969	6.59249	12.5564	13.588	15.0315	11.8068	11.8454	10.9434	8.98085	17.2773The Grey Havens	13.299	15.5464	6.10718	11.6189	8.0021	5.49883	4.00874	10.0312	3.16068	7.11022	8.35703	0	5.77179	2.67029	5.64939	11.9607	19.1666	15.4478	5.17615	2.60117	3.82985	13.2199Mirkwood	7.55489	14.9814	7.38136	9.34066	3.83923	10.8231	2.4021	5.26452	2.78449	2.31294	10.3969	5.77179	0	4.61475	10.7581	6.39294	15.5575	11.9723	10.4913	6.49715	2.01134	7.6401Bywater	11.853	13.3014	3.86154	8.94936	5.69529	6.35878	4.03414	7.77908	1.98175	6.61716	6.59249	2.67029	4.61475	0	8.27758	10.0817	16.5221	12.807	7.75649	5.03671	2.71817	12.2311Fangorn Forest	17.3035	19.5313	11.1325	17.1618	13.5708	6.52644	8.45398	15.5438	8.59869	11.2779	12.5564	5.64939	10.7581	8.27758	0	17.1494	24.7997	21.0839	0.736345	4.30343	9.10683	17.3736Pelennor Fields	1.84162	12.1129	10.9665	8.40818	4.75916	16.3937	8.75111	3.05239	8.80252	6.59038	13.588	11.9607	6.39294	10.0817	17.1494	0	11.2452	8.42624	16.867	12.887	8.14964	5.01271Entwash River	0.930619	0.904579	14.4011	7.874	11.7907	21.1289	17.7593	10.4095	16.544	16.9204	15.0315	19.1666	15.5575	16.5221	24.7997	11.2452	0	3.72024	24.2686	21.1786	16.3105	15.9434Helm's Deep	3.25839	3.80659	10.8429	4.36488	8.15915	17.5853	14.1136	6.98174	12.8367	13.4885	11.8068	15.4478	11.9723	12.807	21.0839	8.42624	3.72024	0	20.5579	17.4656	12.6244	13.3897Emyn Muil	17.3284	18.7953	10.4852	16.5872	13.1569	5.79467	8.24373	15.1575	8.21453	11.1566	11.8454	5.17615	10.4913	7.75649	0.736345	16.867	24.2686	20.5579	0	4.15054	8.76503	17.2992Dunharrow	13.2289	18.1466	8.68511	13.8706	9.59307	7.11202	4.15683	11.4681	4.64591	7.00638	10.9434	2.60117	6.49715	5.03671	4.30343	12.887	21.1786	17.4656	4.15054	0	5.00513	13.1537The Black Gate	9.55285	14.7498	6.02208	9.39804	4.6018	8.81657	1.76621	6.46865	0.780394	3.89995	8.98085	3.82985	2.01134	2.71817	9.10683	8.14964	16.3105	12.6244	8.76503	5.00513	0	9.63824River Isen	0.141419	16.8284	14.3636	13.2319	8.45852	18.4533	9.27182	7.56239	10.4174	6.18656	17.2773	13.2199	7.6401	12.2311	17.3736	5.01271	15.9434	13.3897	17.2992	13.1537	9.63824	0